"mean" "sd" "tol"
"1" -0.00174727341603431 -0.0020738689386085 0.001
"2" -0.0103237751697793 -0.0091201068125133 0.001
"3" 0.0124328119456407 0.000845002694784269 0.001
"4" 0.0268442713218382 -0.00547376109206155 0.001
"5" 0.00768818782185068 -0.0147632179626493 0.001
"6" 0.00829116499911267 -0.0149722926991128 0.001
"7" 0.00310363871113267 -0.00832611087447499 0.001
"8" 0.0118409951561099 -0.0174830116485132 0.001
"9" 0.0310050962286657 -0.000170813756442123 0.001
"10" 0.0218480370547832 -0.0286777089823059 0.001
"11" 0.00738565877920319 -0.026425555250192 0.001
"12" 0.00249808840618318 -0.00590054282733843 0.001
"13" -0.0138057741781118 0.00647109619819153 0.001
"14" 0.0125085477291957 -0.0198516952597396 0.001
"15" -0.0195716594555268 0.0169894925291814 0.001
"16" -0.00484281798707431 0.00291424969446719 0.001
"17" 0.0116231434604182 -0.00369517779017947 0.001
"18" -0.00945174877275681 -0.00733269657061386 0.001
"19" 0.00684232315269995 -0.00920601622990713 0.001
"20" 0.00311654288079644 0.00097889319674227 0.001
"21" 0.00221984348014068 -0.0147091166813428 0.001
"22" -0.0145659734514918 -0.00562365392466002 0.001
"23" -0.00994406798908581 -0.0171306209217508 0.001
"24" 0.00391025014397819 -0.0131943078606479 0.001
"25" -0.0187413489002593 -0.0106956967539406 0.001
"26" -0.00661358924941485 -0.0210784013146904 0.001
"27" 0.0215587548115257 -0.0298707274471779 0.001
"28" 0.0137670761127457 -0.00781147427960971 0.001
"29" -0.00908929465915381 -0.0128082063009847 0.001
"30" 0.00520446408581493 -0.0146233770248306 0.001
"31" 0.0173471074151289 -0.00435936333141518 0.001
"32" -0.00337931276602432 -0.000401558918182165 0.001
"33" 0.00605013971173068 -0.0187062116444905 0.001
"34" 0.000886494346610672 -0.0190845684818364 0.001
"35" 0.00182157876256819 -0.000900006552100541 0.001
"36" -0.0130113442812368 -0.00207921638721409 0.001
"37" -0.0113033879455593 0.00144254127333177 0.001
"38" 0.0102931167290009 0.00379611862532547 0.001
"39" 0.0039594024804282 -0.0257393077725504 0.001
"40" -0.0142967245154543 -0.0187211958007527 0.001
"41" -0.00945254080918456 -0.016890413956248 0.001
"42" 0.000354869667293173 -0.00718762451693289 0.001
"43" -0.00203053889998556 0.0166663155391573 0.001
"44" 0.00184319521877818 -0.0270151615588052 0.001
"45" 0.0203325219945007 -0.0112298220801341 0.001
"46" 0.000841599566475698 0.00541027179340114 0.001
"47" -0.00472910722266082 -0.0108562936701276 0.001
"48" -0.0053379361702518 -0.0119003519689871 0.001
"49" 0.0111678973299872 -0.0149587867211566 0.001
"50" 0.0121286116526882 -0.0102554366075217 0.001
"51" 0.0150737912847282 -0.0177473371128628 0.001
"52" -0.00192728020069932 -0.00738626011258203 0.001
"53" 0.00124644373861069 -0.00853634190209795 0.001
"54" 0.00998391725120143 -0.0175769041105733 0.001
"55" 0.0270441835791932 0.0223213931505054 0.001
"56" 0.00843598807284068 0.00376539679869803 0.001
"57" 0.00336470980928569 -0.02272310888653 0.001
"58" -0.0102498335528718 -0.00380358263518821 0.001
"59" 0.00361110149372343 -0.013557838194354 0.001
"60" 0.000296346151615695 0.00781740861281477 0.001
"61" 0.00232064719266944 -0.0113687544574465 0.001
"62" 0.0227891121178757 -0.00407478799617189 0.001
"63" 0.0136421010940507 0.0025800586877649 0.001
"64" -0.00324705361465583 -0.00374959115306739 0.001
"65" 0.00669335342389069 -0.00851601901268262 0.001
"66" 0.00602385334019068 -0.0298403790874651 0.001
"67" -0.00867535351597432 -0.0216194230675554 0.001
"68" 0.0149937593668457 -0.00373108009200529 0.001
"69" -0.00219488160447681 -0.0139366328081256 0.001
"70" 0.0225087248847932 -0.0100132818025741 0.001
"71" -0.00917563770692731 0.00243076370354489 0.001
"72" -0.00473666200647183 0.00579542494285379 0.001
"73" -0.00330058549191931 -0.00181060602188243 0.001
"74" -0.00676270002424231 -0.027447968388969 0.001
"75" -0.000160460335724311 -0.0283258132627768 0.001
"76" -0.00139780681660931 0.0081116444290078 0.001
"77" 0.00417707559195318 -0.00981489619387066 0.001
"78" 0.014310089789342 -0.0338401107745678 0.001
"79" 0.0370673294071504 -0.0168205371828352 0.001
"80" 0.0098364367075762 0.00494138995224103 0.001
"81" 0.000160334363200676 -0.00733266410040978 0.001
"82" -0.00942183527246182 -0.00139034717862829 0.001
"83" -0.00738014943541931 0.00976550879983062 0.001
"84" 0.0113028563859052 -0.0212000275862254 0.001
"85" 0.0108905060547932 -0.01592976043351 0.001
"86" -0.00738265101994681 -0.010757177935275 0.001
"87" -0.00143630232872183 -0.020706466479657 0.001
"88" -0.0128033575790518 0.00158700729168582 0.001
"89" -0.0065973577262543 0.00113263284736154 0.001
"90" -0.0134527935394968 0.00237988260001221 0.001
"91" 0.0140194627793282 0.00406587927626312 0.001
"92" 0.0238435809094717 -0.00758104291555617 0.001
"93" 0.0271181839297524 -0.028039664813562 0.001
"94" -0.00870347109603431 0.0027943863456068 0.001
"95" 0.0152182608265757 -0.00342093044760194 0.001
"96" 0.0094881954517857 0.0076906408968761 0.001
"97" 0.0140789364437126 0.000724212220113873 0.001
"98" 0.0231301243151432 0.0070447785450175 0.001
"99" 0.000889964767590679 -0.00741687284990455 0.001
"100" -0.00444862810022181 -0.0169649352862909 0.001
"101" -0.0121488546070768 -0.00120099045225308 1e-04
"102" 0.00218180100324569 0.0182906209798667 1e-04
"103" -0.0124942951837518 0.0097715684989037 1e-04
"104" -0.00307269132422933 -0.00818437394756366 1e-04
"105" 0.00557446302060569 0.000533813440123487 1e-04
"106" 0.0159991495780442 -0.017454406497183 1e-04
"107" -0.0054592461865961 -0.00339561572321134 1e-04
"108" -0.00224419265365181 -0.00650488851921749 1e-04
"109" 0.00673674976291569 0.00844374230102207 1e-04
"110" -0.0100379657086593 0.00617726649691397 1e-04
"111" 0.00896838628845317 0.0250711872060236 1e-04
"112" 0.00744361221413317 -0.00851159168110249 1e-04
"113" -0.00149669436047564 -5.94993035247793e-05 1e-04
"114" -5.82201611647737e-05 0.00101697059766392 1e-04
"115" -0.0136693249108218 0.00398171685933368 1e-04
"116" 0.00881815773489819 -0.0174814478365354 1e-04
"117" -0.00259319998880181 0.00512443653846262 1e-04
"118" -0.00188505600934682 -0.00175971789991125 1e-04
"119" 0.0359715012845582 0.00233295568390768 1e-04
"120" -0.00267314713018932 -0.0001614987109676 1e-04
"121" 0.00284755172778819 0.0108929523378424 1e-04
"122" 0.0245817499905107 -0.00984052625458698 1e-04
"123" -0.0249668419058368 -0.00180555186363218 1e-04
"124" -0.0120761157238243 0.0204359769945202 1e-04
"125" -0.00178894989243181 0.00456787661648717 1e-04
"126" 0.0109738010625152 0.00378758726075779 1e-04
"127" 0.0270880206683057 -0.0141761729019403 1e-04
"128" 0.00750582052903317 0.00553788708456648 1e-04
"129" 0.00202770597132318 0.00137875008549715 1e-04
"130" -0.0237694291138843 -0.00553914896820151 1e-04
"131" 0.0118835218229476 -0.0141745517266658 1e-04
"132" -3.39348489993285e-05 0.0180011247321959 1e-04
"133" 0.00914251398146818 0.00454663969436397 1e-04
"134" 0.00739251030965318 0.0139376819546875 1e-04
"135" 0.00273016153256295 -0.0029087529177988 1e-04
"136" 0.00170020560859069 -0.00971685737702366 1e-04
"137" 0.00292602290023919 -0.00641866945505798 1e-04
"138" 0.0152038044199147 0.000684490701327922 1e-04
"139" 0.00136515965851219 -0.00617427048942243 1e-04
"140" -0.00774295641150932 -0.0202202057266819 1e-04
"141" 0.0165867820323182 0.000824963914099253 1e-04
"142" -0.0063603555887593 0.025683898115061 1e-04
"143" 0.0222259188604082 -0.0014178500021933 1e-04
"144" -0.00979496660398183 0.00645981524069539 1e-04
"145" 0.00136499328449011 -0.0139478173504207 1e-04
"146" -0.0167129797842968 0.0116144208079099 1e-04
"147" 0.00784533622829067 -0.0205350702940122 1e-04
"148" -0.00820119259348182 -0.000347986764051345 1e-04
"149" -0.000930616714574312 -0.00819335643257191 1e-04
"150" -0.000862800318709306 -0.0141662830408517 1e-04
"151" -0.00813637556467181 0.00257916192499308 1e-04
"152" 0.0153604724671857 -0.015428327694788 1e-04
"153" 0.0181004461948307 -0.021747258950397 1e-04
"154" 0.00737346854114518 -0.0256960020012076 1e-04
"155" 0.0253793546361257 -0.00705784647386209 1e-04
"156" -0.0224129804672618 0.0133507297753579 1e-04
"157" -0.0207049407936308 -0.0215919815594193 1e-04
"158" -0.00960208950188232 -0.00280030254077379 1e-04
"159" -0.0079504865978193 0.00822931628830159 1e-04
"160" 0.00544412382210069 -0.0132216164287988 1e-04
"161" 0.00458662129283194 0.00887787394120465 1e-04
"162" -0.0159434179424793 -0.0115013845493683 1e-04
"163" 0.0137105713219382 -0.0109204175205033 1e-04
"164" -0.0142109335886131 -0.0110291460511994 1e-04
"165" 0.00391638968093069 -0.0123530099761135 1e-04
"166" -0.0015183092636718 -0.0190907380860192 1e-04
"167" -0.00025251712035182 -0.00261763979713814 1e-04
"168" 0.00580945220038995 0.0214853918532972 1e-04
"169" 0.00464494695728818 -0.0155637868027475 1e-04
"170" 0.0339517276008707 0.00415835524756425 1e-04
"171" 0.0146083055414024 0.00366934608340486 1e-04
"172" 0.0018338508042107 -0.00395568068700192 1e-04
"173" -0.00203901918243682 -0.00218678442120757 1e-04
"174" 0.00979051028245068 -0.0128694131685546 1e-04
"175" -0.00390615300780431 -0.00399928910169811 1e-04
"176" -0.0176368637823618 -0.0186975251233988 1e-04
"177" 0.0176142679818882 0.0183008387395689 1e-04
"178" 0.0150318840998902 -0.0194947070144508 1e-04
"179" 0.0156820738083832 -0.00591115626046224 1e-04
"180" -0.0149604179898318 0.0254179892670964 1e-04
"181" 0.0206019342614982 -0.00717141498794616 1e-04
"182" 0.0123732753033777 -0.0058111223713051 1e-04
"183" 0.00454500126680069 0.0310493199368855 1e-04
"184" 0.00322552662035569 -0.0081188307220792 1e-04
"185" 0.0138619267927639 -0.01189489568806 1e-04
"186" -0.0278714411887256 -0.00261391926980181 1e-04
"187" -0.00927475851799681 3.34915271690273e-05 1e-04
"188" -0.0148370628518623 -0.0163484916388135 1e-04
"189" 0.0220074867306349 -0.0228361651266508 1e-04
"190" 0.0014252666533757 -0.00746548409629744 1e-04
"191" 0.00387336792621318 -0.00362844885996294 1e-04
"192" 0.00353328289164068 -0.00510414323690744 1e-04
"193" 0.00042713750536319 0.00560851726901246 1e-04
"194" -0.0222124886431893 -0.0281332371123096 1e-04
"195" 0.0218302073055382 0.00532203669281539 1e-04
"196" -0.00638628431648181 0.00387445576409429 1e-04
"197" 0.00884450099901044 0.017531640864821 1e-04
"198" -0.00759722199432253 0.0104743595841241 1e-04
"199" 0.00408484814401069 -0.00936065550100129 1e-04
"200" -0.0254202262594568 0.0135420285618539 1e-04
"201" -0.0128060342240318 0.0221922544959053 1e-05
"202" 0.00345427216323818 -0.000412674716443018 1e-05
"203" 0.0127448753744257 0.00351649156696676 1e-05
"204" -0.00459121019538181 -0.0148270210160938 1e-05
"205" 0.0148111562059857 0.015655937473757 1e-05
"206" 0.00996926801285319 -0.0108047877486914 1e-05
"207" -0.0136551703309565 -0.0215035480731893 1e-05
"208" -0.0113911880554193 0.0258479670038885 1e-05
"209" 0.000912871655180697 0.0109389841247937 1e-05
"210" 0.0144098055570294 -0.00253138074454884 1e-05
"211" 0.00277204145725568 0.00732939283760581 1e-05
"212" -0.00478291080379931 0.000477982716957537 1e-05
"213" -0.0182714109668093 -0.000809950490292421 1e-05
"214" -0.0198579620900768 0.00323856232896225 1e-05
"215" 0.00131320235962817 0.0127610295212489 1e-05
"216" 0.00122093762009068 0.0123391245369453 1e-05
"217" 0.0141228903269132 -0.00927416952190896 1e-05
"218" 0.00257607133290319 -0.00828911647757802 1e-05
"219" 0.00985431647055068 -0.00767342566612539 1e-05
"220" 0.0165992595062032 0.0174209598867343 1e-05
"221" -0.00391470784169431 0.00926502580423894 1e-05
"222" 0.00259507887544069 0.0145662294229355 1e-05
"223" 0.00979595190962068 -0.00118650815223265 1e-05
"224" 0.0121570537265184 -2.11266785856701e-05 1e-05
"225" 0.0169885419201932 0.00147674159297639 1e-05
"226" -0.0124343879165266 -0.00631691946571511 1e-05
"227" 0.0174088026701507 0.00916220108495625 1e-05
"228" 0.00442620125423568 -0.00744602210932366 1e-05
"229" 0.00139287799822693 -0.0023025561000134 1e-05
"230" -0.0174515078792093 0.0206736393632936 1e-05
"231" 0.0174582726151082 -0.0286857282762146 1e-05
"232" -0.00310649126297682 0.00836116450178337 1e-05
"233" -0.00336533141220932 -0.00030746539415849 1e-05
"234" 0.00262432350650069 -0.000208910729734613 1e-05
"235" -0.0175124586125518 0.00739297131976524 1e-05
"236" -0.0030849126548568 -0.0136258708907239 1e-05
"237" -0.0104046913354818 -0.0060110125872328 1e-05
"238" 0.00304230133814068 -0.00840552378286241 1e-05
"239" -0.0033785143570868 0.00202752118203453 1e-05
"240" 0.00471578761231306 -0.0182391902888223 1e-05
"241" 0.00381906280007119 -0.00543553784814954 1e-05
"242" 0.0117193230231432 0.00865075677313365 1e-05
"243" 0.00543711652595069 -0.000788259670313596 1e-05
"244" -0.00339219553303433 0.00944079830474065 1e-05
"245" 0.0175340028179632 -0.00869781138725911 1e-05
"246" -0.000107311054841824 -0.00969445795885393 1e-05
"247" 0.0138030095123377 0.0155502249608487 1e-05
"248" -0.00755053383975157 0.0114993205907052 1e-05
"249" -0.00568220500288433 0.00833744445419926 1e-05
"250" -0.0123116402624268 -0.0047975875227656 1e-05
"251" 0.00791212847400069 -0.0190902781315845 1e-05
"252" -0.00104348229481682 0.0147561953673573 1e-05
"253" 0.00776543993658543 -0.0054754018553107 1e-05
"254" 0.0189405241878057 0.0085070892470771 1e-05
"255" 0.00960959421972618 -0.00181755492877633 1e-05
"256" -0.0138856542205293 -0.0118217815699957 1e-05
"257" -0.0331273390227521 0.0133849545921699 1e-05
"258" -0.00589491899623681 -0.0119577492542761 1e-05
"259" -0.0198204376039243 -0.00147997794443244 1e-05
"260" 0.0174740091228919 -0.0028910097133531 1e-05
"261" 0.00102529203828344 -0.024888861272128 1e-05
"262" 0.0181593268042907 -0.00488587773176674 1e-05
"263" -0.0059247353365843 0.00699898941064125 1e-05
"264" -0.00927827807690432 0.00617515441525462 1e-05
"265" 0.00532818923727818 -0.0138500372898755 1e-05
"266" -0.0125463993009533 -0.0055247632869706 1e-05
"267" -0.0161633740168593 -0.0103166304335863 1e-05
"268" 0.00903909405400319 -0.0190197966587826 1e-05
"269" 0.0117403760769507 -0.00285948032574146 1e-05
"270" 0.0135030167770807 -0.0122760671470469 1e-05
"271" 0.0103835350598032 -0.00171570613297001 1e-05
"272" -0.00172803903684182 0.00250027112557216 1e-05
"273" -0.000744479199572073 0.000885257455754629 1e-05
"274" -0.00266397976121432 -0.0181020400329153 1e-05
"275" -0.00627675067167682 0.0059708756282828 1e-05
"276" -0.0100340635666148 -0.00661012685977624 1e-05
"277" -0.0018091861714343 0.0186440239315996 1e-05
"278" 0.00486970478710319 -0.0211913225305015 1e-05
"279" 0.00333859389421068 0.000372905428805748 1e-05
"280" 0.00300070668094243 0.0153422767527274 1e-05
"281" 0.0143060083358807 -0.0168533355094702 1e-05
"282" 0.00253194270284593 0.0029720231809548 1e-05
"283" 0.000392218072968187 0.0232328517615438 1e-05
"284" 0.0068342368733082 0.00619570877649678 1e-05
"285" -0.00760360253738682 -0.0114329687184661 1e-05
"286" -0.0174227877862793 0.00130585845295672 1e-05
"287" 0.000182901790340695 -0.00693782172584467 1e-05
"288" -0.00815918229132731 -0.00520753946184971 1e-05
"289" 0.00473087506881947 -0.00484454565065617 1e-05
"290" 0.00887217928120568 -0.00298531744074348 1e-05
"291" 0.0234628652753057 -0.00710967842058885 1e-05
"292" 0.0148201431765507 -0.00542528134175613 1e-05
"293" 0.0222072088151157 -0.00936532952549141 1e-05
"294" 0.000355067286713195 -0.0161763009243291 1e-05
"295" 0.000572632671870688 -0.00118662093746935 1e-05
"296" 0.0141561584484232 0.00330035107969051 1e-05
"297" 4.08680736818656e-06 0.0261098677395381 1e-05
"298" 0.0186945297884832 0.00226519250087021 1e-05
"299" -0.000559239270889328 0.00883653296893339 1e-05
"300" -0.00418033030062431 -0.00626817317646877 1e-05
"301" 0.00594004853637067 -0.0160791985085437 1e-06
"302" 0.0122918627622357 0.0138468189979466 1e-06
"303" 0.0244094667035847 0.00496454236208432 1e-06
"304" -0.000566883098894327 0.00289707770185887 1e-06
"305" 0.0111399355851389 -0.0111589814156736 1e-06
"306" -0.000924817316309307 -0.00964578149652717 1e-06
"307" -0.00614830083755794 -0.024799677426338 1e-06
"308" -0.0185776693215393 -0.0029285427044039 1e-06
"309" 0.00853760563064068 0.00367436547934297 1e-06
"310" 0.00865613131854567 -0.00350455649677828 1e-06
"311" -0.0132614354390981 -0.0115266861765376 1e-06
"312" 0.00734014626292068 -0.000725199958052203 1e-06
"313" -0.00529945632326931 -0.00405788677416286 1e-06
"314" 0.00422712597607319 0.00817366898184468 1e-06
"315" 0.00120923497315895 -0.00691118917590039 1e-06
"316" 0.0186005248671807 -0.00628863319878048 1e-06
"317" 0.00535572877340817 -0.00645126561003018 1e-06
"318" 0.00755632245125817 -0.000132010645663594 1e-06
"319" 0.0335913189945007 0.00628425639284258 1e-06
"320" 0.0226421965425432 0.00139588627781018 1e-06
"321" -0.0202933836107343 0.0168436366589276 1e-06
"322" 0.00162131109913069 0.0118766634140552 1e-06
"323" 0.00845368451354594 -0.0206700040787781 1e-06
"324" -0.00844815632416857 -0.0242850868811509 1e-06
"325" 0.0102841526904089 -0.0313816347441261 1e-06
"326" -0.0082865930509593 -0.0274703414969577 1e-06
"327" 0.0150428917204414 0.015623278644106 1e-06
"328" 0.0171408471027194 0.00549609700441211 1e-06
"329" -0.000878690392136811 0.000147598510939373 1e-06
"330" -0.0100730707081793 -0.00237380941532339 1e-06
"331" 0.00821785145513068 0.00504918921871345 1e-06
"332" 0.000535375639403174 0.0182360179493404 1e-06
"333" -0.0108682657162743 0.00222393434331614 1e-06
"334" -0.0247239711566818 0.00562619999005998 1e-06
"335" 0.0201331968842612 0.0107162516399844 1e-06
"336" -0.0102955580059158 -0.00267018611204806 1e-06
"337" -0.0135005864334668 0.0147064608883629 1e-06
"338" -0.00346169393301932 0.0100306918341861 1e-06
"339" -0.00210941795261932 0.00178468944120358 1e-06
"340" 0.0111097962845682 -0.0102446726171619 1e-06
"341" 0.0118971329238782 -0.0196412620562524 1e-06
"342" 0.0109939292943132 0.0070461334385773 1e-06
"343" 0.00876410472445568 -0.00684546703878985 1e-06
"344" -0.0159809365711381 0.00296042135117414 1e-06
"345" 0.00283070177335218 -0.022125728233665 1e-06
"346" 0.00222526109171819 0.000522554549571397 1e-06
"347" -0.00664826431958682 0.00352380001634722 1e-06
"348" 0.00248603608128067 0.0229938002526755 1e-06
"349" -0.00061594893263181 0.012937741007009 1e-06
"350" -0.0109955325944893 -0.0115110520119315 1e-06
"351" -0.0073368400863093 -0.00641381671211216 1e-06
"352" -0.00142606021449682 0.0183966011692233 1e-06
"353" -0.00399589377290432 -0.00798436364775412 1e-06
"354" -0.0176908236686351 0.00144617056917484 1e-06
"355" 0.0270166604737107 0.0178170545108289 1e-06
"356" -0.0339590002150733 0.0183533672150759 1e-06
"357" -0.00873076104319181 -0.00262627592039499 1e-06
"358" -0.0117662054215893 -0.0143720642811468 1e-06
"359" -0.00834309552333806 0.0170199729256402 1e-06
"360" -0.00326176727105681 0.0108195871073786 1e-06
"361" -0.000627823832720559 0.00479101613832089 1e-06
"362" -0.0101756030916418 -0.00115864000512123 1e-06
"363" -0.0186216079388097 0.00772224074609495 1e-06
"364" -0.00707715514999932 0.0208483304993715 1e-06
"365" -0.00428959816547655 -0.00579552673223549 1e-06
"366" -0.00270345751478931 -0.000506332748864913 1e-06
"367" -0.0224914822554578 -0.00449608325971185 1e-06
"368" 0.0038348576832232 -0.00958354216921253 1e-06
"369" -0.0102189780094293 -0.0198695137158699 1e-06
"370" 0.0104374949766332 0.020945624350888 1e-06
"371" 0.00260525141709819 0.00237600588994069 1e-06
"372" -0.000404143622829312 -0.00867422557682951 1e-06
"373" -0.0178343505771068 -0.00622554143338661 1e-06
"374" -0.0234801194712318 -0.0380767130974905 1e-06
"375" -0.0214020144252468 -0.00898425860899821 1e-06
"376" 0.0052552461809493 0.00876451799614875 1e-06
"377" -0.00941432609676932 0.00283370533112304 1e-06
"378" 0.00661773950883568 -0.0343186060323637 1e-06
"379" 0.0038735466389932 -0.0164239499360247 1e-06
"380" -0.00784052775851257 0.0127890130012847 1e-06
"381" -0.00328980516282182 0.0188635290585996 1e-06
"382" 0.00603477965028068 0.0178217227086296 1e-06
"383" 0.0137137183017707 0.0453188263606146 1e-06
"384" 0.0282338589277207 -0.0044710609784071 1e-06
"385" 0.00853279177183242 -0.0244912507060943 1e-06
"386" -0.0145353185103843 0.00259006038935272 1e-06
"387" -0.0207544520320118 8.42523494983816e-05 1e-06
"388" -0.00552327514468681 -0.00628184088398576 1e-06
"389" 0.0032058928160707 0.00608459281291518 1e-06
"390" 0.0205643983390067 0.00113531237341125 1e-06
"391" 0.00106430770659319 0.0158322217005528 1e-06
"392" 0.0214776688891082 0.0137633867269213 1e-06
"393" 0.00794097114251568 -0.00892508052384255 1e-06
"394" 0.00281834498941569 -0.0129387203051838 1e-06
"395" -0.0167269581412093 0.00668491346517108 1e-06
"396" 0.0108458287769714 -0.0158923352114221 1e-06
"397" -0.0126320638092568 0.00514130809593216 1e-06
"398" 0.0117368612362407 0.0127439128130745 1e-06
"399" -0.00969390046632432 -0.00185640273035292 1e-06
"400" -0.0342803125021693 0.00615575424165238 1e-06
